;This is model P of atmospheric models from Fontenla, Avrett & Loeser (1992)
#	height[km] T[K]	ne[cm^-3] np	nh
------------------------------------------------------
1	1741.97	121000	6.01e10	5.02e10	9.19e5
2	1741.57	111000	6.59e10	5.53e10	1.42e6
3	1741.22	101000	7.23e10	6.11e10	2.47e6
4	1740.93	91000	7.99e10	6.81e10	6.70e6
5	1740.68	81000	8.91e10	7.70e10	2.73e7
6	1740.49	71000	1.01e11	8.82e10	1.19e8
7	1740.33	61000	1.16e11	1.03e11	4.60e8
8	1740.20	51000	1.36e11	1.22e11	1.50e9
9	1740.15	46000	1.50e11	1.35e11	2.60e9
10	1740.10	41000	1.67e11	1.50e11	4.29e9
11	1740.05	36000	1.87e11	1.68e11	6.88e9
12	1740.01	31000	2.14e11	1.92e11	1.08e10
13	1739.96	26000	2.49e11	2.25e11	1.72e10
14	1739.94	23500	2.73e11	2.46e11	2.17e10
15	1739.91	21000	3.00e11	2.71e11	2.79e10
16	1739.89	19000	3.27e11	2.96e11	3.45e10
17	1739.86	17000	3.56e11	3.26e11	4.38e10
18	1739.83	15000	3.91e11	3.61e11	5.74e10
19	1739.78	13000	4.29e11	4.04e11	8.04e10
20	1739.75	12000	4.51e11	4.27e11	1.00e11
21	1739.72	11500	4.62e11	4.42e11	1.15e11
22	1739.69	11000	4.73e11	4.55e11	1.36e11
23	1739.65	10500	4.84e11	4.69e11	1.65e11
24	1739.59	10000	4.86e11	4.74e11	2.08e11
25	1739.55	9800	4.84e11	4.72e11	2.34e11
26	1739.50	9600	4.79e11	4.67e11	2.67e11
27	1739.43	9400	4.68e11	4.56e11	3.09e11
28	1739.32	9200	4.50e11	4.37e11	3.66e11
29	1739.25	9100	4.39e11	4.26e11	4.01e11
30	1739.00	8900	4.07e11	3.92e11	4.87e11
31	1738.5	8800	3.66e11	3.49e11	5.73e11
32	1737.00	8700	3.36e11	3.17e11	6.43e11
33	1734.5	8600	3.17e11	2.98e11	6.97e11
34	1723.0	8500	2.98e11	2.84e11	7.83e11
35	1700	8400	3.09e11	3.03e11	8.77e11
36	1660	8250	3.44e11	3.4e11	1.06e12
37	1575.03	8000	4.11e11	4.08e11	1.65e12
38	1475.03	7700	4.57e11	4.53e11	2.91e12
39	1380	7420	4.79e11	4.74e11	5.03e12
40	1280	7150	4.84e11	4.78e11	9.06e12
41	1210	6980	4.91e11	4.83e11	1.39e13
42	1065	6600	4.85e11	4.74e11	3.54e13
43	980	6390	4.73e11	4.58e11	6.35e13
44	905	6220	4.75e11	4.53e11	1.07e14
45	855	6090	4.64e11	4.35e11	1.54e14
46	750	5740	3.84e11	3.30e11	3.44e14
47	700	5480	3.02e11	2.24e11	5.24e14
48	650	5220	2.5e11	1.36e11	8.15e14
49	600	5070	2.67e11	9.83e10	1.26e15
50	550	4960	3.27e11	7.39e10	1.95e15
51	500	4910	4.48e11	6.57e10	3.00e15
52	450	4900	6.44e11	6.78e10	4.59e15
53	400	4940	9.51e11	8.73e10	6.96e15
54	350	5000	1.41e12	1.24e11	1.04e16
55	300	5070	2.1e12	1.87e11	1.56e16
56	250	5170	3.13e12	3.26e11	2.3e16
57	200	5280	4.7e12	6.1e11	3.34e16
58	150	5400	7.11e12	1.21e12	4.8e16
59	100	5550	1.11e13	2.69e12	6.8e16
60	50	5880	2.2e13	1.00e13	9.2e16
61	0.0	6520	7.58e13	5.94e13	1.15e17
62	-20	6980	1.71e14	1.52e14	1.21e17
63	-40	7590	4.42e14	4.19e14	1.24e17
64	-60	8220	1.04e15	1.01e15	1.26e17
65	-80	8860	2.19e15	2.15e15	1.27e17
66	-100	9400	3.82e15	3.78e15	1.28e17
------------------------------------------------------
