ALOUETTE 1 (S-27)       
1 00424U 62049A   10065.96582378  .00000033  00000-0  27166-4 0  3447
2 00424  80.4632  15.4816 0024304  88.2297 272.1631 13.68729266367647
IUE                     
1 10637U 78012A   10062.87301836 -.00000226  00000-0  10000-3 0  5733
2 10637  43.2577  11.8986 1524629 158.1803 209.0810  1.00055291 70050
IRAS                    
1 13777U 83004A   10065.62946187 -.00000008  00000-0  24545-4 0  1338
2 13777  99.0590 261.4124 0022464 195.3207 164.7274 14.00104844 54325
AKEBONO (EXOS-D)        
1 19822U 89016A   10065.94933920  .00022956  63662-7  71187-3 0  4656
2 19822  75.0717  55.2057 2680087  12.2657 353.2131 10.04211742621772
INTERCOSMOS 24          
1 20261U 89080A   10065.72685787  .00000268  00000-0  70608-4 0  1069
2 20261  82.5856 289.6846 1216014  97.1205 276.9425 12.53467375932472
COBE                    
1 20322U 89089A   10065.81403613 -.00000251  00000-0 -13000-3 0  1372
2 20322  98.9979  70.5115 0009468 108.6667 251.5534 14.04385197 40036
HST                     
1 20580U 90037B   10063.58635383  .00000494  00000-0  25066-4 0  5317
2 20580  28.4681 202.7003 0003608 173.2518 186.8077 15.00910894889025
ROSAT                   
1 20638U 90049A   10065.90548659  .00011848  00000-0  13507-3 0  9338
2 20638  52.9934 232.3457 0004582 104.3943 255.7578 15.62743099100840
CRRES                   
1 20712U 90065A   10062.85180296 -.00000396  00000-0  45445-4 0   378
2 20712  18.2581 327.9472 7126127 262.5976  18.6976  2.42817290163402
SARA                    
1 21578U 91050E   10065.76574614  .00000155  00000-0  50695-4 0  7752
2 21578  98.2620  36.4249 0003737  95.1590 265.0029 14.50532165982486
UARS                    
1 21701U 91063B   10065.90517470  .00010008  00000-0  12171-3 0  9089
2 21701  56.9732 289.7888 0064547 331.5201  28.2331 15.58819942 20133
SAMPEX                  
1 22012U 92038A   10065.93255736  .00006799  00000-0  16204-3 0  1596
2 22012  81.6376   3.7688 0047026  68.7574 291.8682 15.40182175974839
ORBVIEW 1 (MICROLAB)    
1 23547U 95017C   10065.77968054  .00000246  00000-0  71158-4 0  2004
2 23547  69.9822 306.4504 0014028 247.4946 112.4701 14.55567553790820
RXTE (XTE)              
1 23757U 95074A   10065.78445782  .00002269  00000-0  64562-4 0   768
2 23757  22.9829 323.5634 0007960  39.1942 320.9198 15.27735906785977
FAST                    
1 24285U 96049A   10065.90447025  .00002318  00000-0  20256-3 0  8746
2 24285  82.9675 286.5695 1995937  27.4705 341.8867 11.26821730548116
TRACE                   
1 25280U 98020A   10065.66785684  .00001179  00000-0  10164-3 0  4570
2 25280  97.6571 275.8342 0024512  92.9016 267.5021 14.98978803650377
SAFIR 2                 
1 25399U 98043F   10065.71513538  .00000081  00000-0  52934-4 0  5731
2 25399  98.3133  86.5033 0002612 124.8588 235.2843 14.23955679605716
SWAS                    
1 25560U 98071A   10065.59371196  .00000163  00000-0  27697-4 0  1904
2 25560  69.8999  72.2341 0010901 221.9940 138.0377 14.86966525609373
ASTRID 2                
1 25568U 98072B   10065.94831873  .00000104  00000-0  97478-4 0  3108
2 25568  82.9510 145.9393 0026647  48.5293 311.8150 13.72006873562697
ORSTED                  
1 25635U 99008B   10065.49941808  .00000047  00000-0  19121-4 0  8608
2 25635  96.4671 199.3353 0144704  75.5450 286.1767 14.45863192581649
SUNSAT (SO-35)          
1 25636U 99008C   10065.70596605  .00000021  00000-0  12872-4 0  5531
2 25636  96.4721 191.7971 0149333 110.3275 251.4056 14.43490990580975
WIRE                    
1 25646U 99011A   10065.72744526  .00016511  00000-0  19389-3 0   585
2 25646  97.2617 341.1792 0004647 213.6697 146.4242 15.61534639615984
ABRIXAS                 
1 25721U 99022A   10065.50229552  .00001340  00000-0  74382-4 0  7917
2 25721  48.4377  71.7771 0020316 313.7563  46.1676 15.20541500600371
TERRIERS                
1 25735U 99026A   10065.69818427  .00000616  00000-0  28076-4 0  9502
2 25735  97.1842 293.4907 0006204 200.0540 160.0455 15.24140087598861
FUSE 1                  
1 25791U 99035A   10065.70332475  .00000241  00000-0  18234-4 0  6472
2 25791  24.9837 158.5831 0010570 152.6932 207.4140 14.41814999564329
CXO                     
1 25867U 99040B   10063.25000000 -.00000247  00000-0  10000-3 0  4350
2 25867  66.6236  58.4754 7994520 275.2467 353.8754  0.37807142  5991
CLEMENTINE              
1 25978U 99064B   10065.66750481  .00000737  00000-0  91698-4 0  8913
2 25978  98.1162 150.5322 0010681 359.8534   0.2696 14.85608338554880
XMM-NEWTON              
1 25989U 99066A   10066.25000000  .00000184  00000-0  10000-3 0  8180
2 25989  60.1465  94.9392 5990843 107.7305 354.7657  0.50145491  7557
TERRA                   
1 25994U 99068A   10065.90873840  .00000065  00000-0  24471-4 0  5722
2 25994  98.2118 142.0100 0000752  61.1287 298.9977 14.57109206543410
ACRIMSAT                
1 26033U 99070B   10065.67838348 -.00000000  00000-0  91673-5 0  8944
2 26033  97.9416 303.3227 0029823  92.1798 268.2828 14.60587233543863
IMAGE                   
1 26113U 00017A   10062.05815188  .00000322  00000-0  10000-3 0  9289
2 26113  91.3892 215.0839 7300516 255.4222  20.3049  1.68637696 61185
CLUSTER II-FM6          
1 26410U 00041A   10067.12500000  .00001250  00000-0  00000-0 0  4601
2 26410 123.3241 207.3039 8784637  41.3686   1.4348  0.44221688  5736
CLUSTER II-FM7          
1 26411U 00041B   10067.12500000  .00001248  00000-0  00000-0 0  4698
2 26411 123.2750 207.2893 8779887  41.4327   1.6313  0.44220578  5823
CLUSTER II-FM5          
1 26463U 00045A   10067.12500000  .00001102  00000-0  00000-0 0  4586
2 26463 125.2824 208.5865 8634846  40.0580   1.7800  0.44220422  6313
CLUSTER II-FM8          
1 26464U 00045B   10067.12500000  .00000328  00000-0  00000-0 0  4520
2 26464 116.9609 196.0317 8812173  33.5389   1.2934  0.44220723  5709
MEGSAT-1                
1 26546U 00057B   10065.76366494  .00000054  00000-0  24311-4 0  9222
2 26546  64.5594 336.7259 0040544 235.1544 124.5721 14.84308835511153
HETE-2                  
1 26561U 00061A   10065.33847553  .00001241  00000-0  37178-4 0  5249
2 26561   1.9458  80.9673 0023321 275.4099  84.3373 14.96188066514433
MUNIN                   
1 26621U 00075C   10065.70073617  .00000072  00000-0  71772-4 0  7920
2 26621  95.4169 316.6401 0717387  80.7162 287.4314 13.03705453441910
ODIN                    
1 26702U 01007A   10065.65608526  .00000364  00000-0  37703-4 0  9486
2 26702  97.6947  86.7539 0003025 322.1817  37.9209 14.95829996492695
TIMED                   
1 26998U 01055B   10065.83176143  .00000078  00000-0  13686-4 0  5180
2 26998  74.0734 190.5650 0001907 243.5908 116.5079 14.84140781446488
RHESSI                  
1 27370U 02004A   10065.96388446  .00000637  00000-0  55187-4 0  2668
2 27370  38.0386  45.7615 0015341 164.6157 195.5078 15.02383666443265
INTEGRAL                
1 27540U 02048A   10065.25000000  .00000165  00000-0  10000-3 0  9032
2 27540  84.4110 346.4802 8630401 257.8781 355.8543  0.33405113  5171
FEDSAT                  
1 27598U 02056B   10065.80178150 -.00000029  00000-0  51186-5 0   210
2 27598  98.3390 111.4464 0009289 174.2547 185.8734 14.28027448376725
WEOS                    
1 27599U 02056C   10065.88952468 -.00000078  00000-0 -14502-4 0   339
2 27599  98.3593 117.7956 0009871 185.8949 174.2118 14.28586611376873
MICRO LABSAT            
1 27600U 02056D   10065.64702971 -.00000025  00000-0  65168-5 0  9962
2 27600  98.3523 117.1169 0010765 190.4256 169.6682 14.28880057376927
CORIOLIS                
1 27640U 03001A   10065.64306794  .00000016  00000-0  28925-4 0  2107
2 27640  98.7538  73.1721 0014662  25.6581 334.5320 14.18365054370869
CHIPSAT                 
1 27643U 03002B   10065.76350004 -.00000281  00000-0 -22962-4 0  3222
2 27643  94.0105  83.6660 0009512 254.6618 105.3533 14.97389748390250
SORCE                   
1 27651U 03004A   10065.84484619  .00000140  00000-0  33039-4 0  1421
2 27651  39.9972 304.6288 0025021   8.9693 351.1530 14.82275379385279
GALEX                   
1 27783U 03017A   10065.50150370  .00000272  00000-0  34331-4 0  8887
2 27783  28.9979 102.6459 0004380 153.7130 206.3695 14.59802567366143
MOST                    
1 27843U 03031D   10065.59339646 -.00000020  00000-0  11253-4 0  7894
2 27843  98.7205  74.6416 0010659 114.4282 245.8003 14.20131322346428
QUAKESAT                
1 27845U 03031F   10065.56933867  .00000078  00000-0  56724-4 0  7678
2 27845  98.7199  75.4765 0009604 122.0281 238.1827 14.20331487346412
AAU CUBESAT             
1 27846U 03031G   10065.95737343  .00000043  00000-0  39876-4 0  7001
2 27846  98.7043  77.2936 0010224  83.3581 276.8735 14.21020014346669
SCISAT 1                
1 27858U 03036A   10065.40703710  .00000054  00000-0  13297-4 0  9698
2 27858  73.9352  26.2574 0007581  16.9932 343.1498 14.74840848353379
KAISTSAT 4              
1 27945U 03042G   10065.74656055  .00000064  00000-0  21294-4 0  9088
2 27945  97.9110 296.5678 0012989  36.0294 324.1793 14.63175507343976
GP-B                    
1 28230U 04014A   10065.81305673  .00000072  00000-0  81750-5 0  7318
2 28230  89.9407 156.1587 0001966  66.2004 293.9442 14.76023385316515
DEMETER                 
1 28368U 04025C   10065.92436281  .00000086  00000-0  22242-4 0  4462
2 28368  97.9761 130.7491 0001283  91.4167 268.7165 14.70123563304324
DOUBLESTAR (TC-2)       
1 28382U 04029A   10065.45540887  .00000032  00000-0  10000-3 0  2948
2 28382  89.1572 333.4142 7272483 240.6730 303.9823  2.11748286 43196
SWIFT                   
1 28485U 04047A   10065.70698520  .00000939  00000-0  50436-4 0  5248
2 28485  20.5577 197.0755 0014369  72.4848 287.7195 14.92678540288941
SUZAKU (ASTRO-EII)      
1 28773U 05025A   10065.33444644  .00000622  00000-0  41935-4 0  2060
2 28773  31.4046  48.4549 0006571 270.8228  89.1662 15.00967716255623
AKARI (ASTRO-F)         
1 28939U 06005A   10065.91835936  .00000042  00000-0  19355-4 0  2242
2 28939  98.2541  71.8974 0009386  86.4878 273.7385 14.57602308214362
FORMOSAT-3 FM6          
1 29047U 06011A   10065.93460549 -.00000220  00000-0 -72373-4 0  1828
2 29047  71.9794 206.4425 0050995  51.4921 309.0743 14.27105651205212
FORMOSAT-3 FM1          
1 29048U 06011B   10065.61378843  .00000390  00000-0  17471-3 0  2340
2 29048  71.9689 122.2617 0044863   1.1120 359.0084 14.27142090207644
FORMOSAT-3 FM5          
1 29049U 06011C   10065.83955688  .00000361  00000-0  16364-3 0  1801
2 29049  72.0195 272.3433 0034668  63.1113 297.3557 14.27156003203457
FORMOSAT-3 FM3          
1 29050U 06011D   10065.93189407  .00001102  00000-0  26646-3 0  4645
2 29050  72.0081  66.5176 0054377 288.6392  70.8811 14.54152143209434
FORMOSAT-3 FM4          
1 29051U 06011E   10065.80153006  .00000373  00000-0  16522-3 0  2388
2 29051  72.0072 180.9736 0071164 292.3636  66.9945 14.27149206206037
FORMOSAT-3 FM2          
1 29052U 06011F   10065.91952116  .00000360  00000-0  16273-3 0  2604
2 29052  72.0334 243.6235 0040633  31.4020 328.9519 14.27162023204359
CLOUDSAT                
1 29107U 06016A   10065.93032001  .00000093  00000-0  30638-4 0  2205
2 29107  98.2093  11.1412 0001075  89.3577 270.7756 14.57113491205135
CALIPSO                 
1 29108U 06016B   10065.93051125  .00000174  00000-0  48691-4 0  2314
2 29108  98.2099  11.1911 0001123  86.9789 273.1552 14.57112878205115
HINODE (SOLAR-B)        
1 29479U 06041A   10065.84023106  .00000076  00000-0  24043-4 0  1079
2 29479  98.0899  70.2031 0014484 292.1266  67.8397 14.62958744184382
SJ-6C                   
1 29505U 06046A   10065.90396386  .00000071  00000-0  12750-4 0  7808
2 29505  97.6930  70.9323 0002021 300.9604  59.1436 14.90711787183227
SJ-6D                   
1 29506U 06046B   10065.93017286 -.00000350  00000-0 -30684-4 0  7719
2 29506  97.6969  69.8799 0002107  14.2932 345.8351 14.90012518183146
COROT                   
1 29678U 06063A   10065.42619785  .00000223  00000-0  14907-3 0   577
2 29678  89.9349  10.0581 0007264  57.5178 302.6692 13.98123915162754
AIM                     
1 31304U 07015A   10065.74967347  .00000299  00000-0  34715-4 0  9784
2 31304  97.7999 168.9737 0012748  71.8838 288.3767 14.92354631155955
FGRST (GLAST)           
1 33053U 08029A   10065.96359774  .00000279  00000-0  00000-0 0  4561
2 33053  25.5844  14.8830 0014147 267.7513  92.1425 15.05018081 95518
KORONAS-FOTON           
1 33504U 09003A   10065.79021240  .00000022  00000-0 -47993-6 0  3092
2 33504  82.4799 329.1661 0013931 263.8665  96.0971 15.05395927 60214
TATIANA 2               
1 35868U 09049D   10065.85266242  .00000177  00000-0  10000-3 0  1495
2 35868  98.7722 120.3933 0003658 294.0732  66.0053 14.22099230 24184
UGATUSAT                
1 35869U 09049E   10065.93689122  .00000176  00000-0  10000-3 0  1478
2 35869  98.7722 120.4311 0004286 311.2104  48.8688 14.21976542 24191
SUMBANDILA (SO-67)      
1 35870U 09049F   10065.93094135  .00000870  00000-0  39986-4 0  5104
2 35870  97.3457 117.5838 0012816  59.9657  45.8832 15.22923094 25905
WISE                    
1 36119U 09071A   10065.93953213  .00000766  00000-0  47824-4 0   724
2 36119  97.5081  71.9398 0001363 188.1114 172.0097 15.12408245 12445
SDO                     
1 36395U 10005A   10064.68174854 -.00000054  00000-0  00000-0 0   267
2 36395  28.2366 189.5657 2251583  44.0210  61.5629  1.37211406   412
